每幅图像的标定误差：
第1幅图像的平均误差：0.0864809像素
第2幅图像的平均误差：0.0810218像素
第3幅图像的平均误差：0.0676578像素
第4幅图像的平均误差：0.076771像素
第5幅图像的平均误差：0.076659像素
第6幅图像的平均误差：0.065754像素
第7幅图像的平均误差：0.0918322像素
第8幅图像的平均误差：0.122869像素
第9幅图像的平均误差：0.0936762像素
第10幅图像的平均误差：0.0887475像素
第11幅图像的平均误差：0.0914956像素
第12幅图像的平均误差：0.0718277像素
第13幅图像的平均误差：0.103327像素
第14幅图像的平均误差：0.101041像素
总体平均误差：0.087083像素

相机内参数矩阵：
[1456.932046350768, 0, 318.340429086725;
 0, 1461.679571504613, 157.2826684321224;
 0, 0, 1]

畸变系数：
[-0.4579036971061719, 24.40451386067099, -0.02482813520352495, -0.009741037363713142, -571.1165001183292]


第1幅图像的旋转向量：
[22.01653361837529;
 -14.41607018329198;
 299.16713643435]
第1幅图像的旋转矩阵：
[0.299565028268597, 0.9491032943049735, 0.09728170731376723;
 -0.9540596059633866, 0.297402991546943, 0.03635558950033026;
 0.00557333898325426, -0.1037034105436062, 0.9945926505530804]
第1幅图像的平移向量：
[0.2092165306623716;
 2.430205037495417;
 0.5994795802888351]

第2幅图像的旋转向量：
[33.77262732273817;
 5.987777206341909;
 289.9129475665786]
第2幅图像的旋转矩阵：
[-0.9465143455659407, -0.2248675715699699, 0.231398290603244;
 0.2342301968486607, -0.9720881899737773, 0.01344491717129844;
 0.2219162196012644, 0.06692627413602129, 0.972766192519124]
第2幅图像的平移向量：
[0.1659851691729726;
 3.028981698767383;
 -0.846162371578228]

第3幅图像的旋转向量：
[21.45105643095533;
 -1.037397026594224;
 260.284129942517]
第3幅图像的旋转矩阵：
[-0.9016199132107966, 0.4025107794778065, 0.1583243648524269;
 -0.4037600172853257, -0.9145054315615573, 0.0256449621985202;
 0.1551108653302833, -0.04080303969778016, 0.9870540671148218]
第3幅图像的平移向量：
[-0.31583109487666;
 -2.198971303081986;
 -0.2850754800484357]

第4幅图像的旋转向量：
[24.54749808464948;
 9.936997505964055;
 266.4468692628179]
第4幅图像的旋转矩阵：
[-0.7342468431635866, 0.6653322633404439, 0.1349613006109143;
 -0.6534314005102722, -0.746537497704175, 0.125336225205537;
 0.1841439060395204, 0.003839776018328349, 0.9828917936317489]
第4幅图像的平移向量：
[-0.2786680872434251;
 -2.560858268542646;
 -0.5676159044857031]

第5幅图像的旋转向量：
[34.28681652164854;
 -7.257447833325083;
 284.2850252626519]
第5幅图像的旋转矩阵：
[-0.8248439875741912, 0.5150077532088935, 0.233236811625942;
 -0.5262376537481828, -0.8501825401731141, 0.01623515205961799;
 0.20665509415525, -0.109346524954014, 0.9722844283131173]
第5幅图像的平移向量：
[-0.3295832050666208;
 -2.757982993391623;
 -0.8807229527352481]

第6幅图像的旋转向量：
[25.61727305569932;
 -8.941969325957897;
 291.3208381018844]
第6幅图像的旋转矩阵：
[-0.9010124523361076, 0.3950084333457738, 0.1792899838836259;
 -0.4052609137576272, -0.9139089221381779, -0.02311003713902135;
 0.1547260563564083, -0.09348165393247666, 0.9835247977872451]
第6幅图像的平移向量：
[-0.3137525048197142;
 -2.740758995752441;
 -1.031760984638595]

第7幅图像的旋转向量：
[30.76979429337111;
 15.33106481603273;
 280.8858013751291]
第7幅图像的旋转矩阵：
[0.9720552845079329, -0.2342166920392975, 0.01584503172513516;
 0.234549869139914, 0.9718039403400488, -0.02415492550193953;
 -0.009740777517779485, 0.02719637309870399, 0.999582650181377]
第7幅图像的平移向量：
[0.06942795354165407;
 2.946630064511529;
 0.7554579879882637]

第8幅图像的旋转向量：
[34.8937101638867;
 -12.78163066523285;
 287.1060657932532]
第8幅图像的旋转矩阵：
[0.8911331655589357, -0.453688384067189, -0.00696644840742263;
 0.4525126357127734, 0.8897436149656711, -0.05990504276017505;
 0.03337657503683172, 0.05023096445741834, 0.9981797706067221]
第8幅图像的平移向量：
[-0.05031858988471393;
 -2.720089594198131;
 1.194337435495206]

第9幅图像的旋转向量：
[-13.46954216861957;
 -9.905896185957211;
 294.7329682700037]
第9幅图像的旋转矩阵：
[0.9947245307709537, 0.1025321216066608, 0.003204983828806928;
 -0.1025159337275588, 0.9947194775572172, -0.004862540515357895;
 -0.003686626435208154, 0.004508326422702261, 0.9999830417454056]
第9幅图像的平移向量：
[-2.060554358556985;
 -2.155499546579871;
 -0.04602497622832669]

第10幅图像的旋转向量：
[-22.96151178002165;
 -7.601348979403241;
 291.6033382384626]
第10幅图像的旋转矩阵：
[-0.8944576675990185, 0.4252967392868422, -0.1380875245100141;
 -0.4175248597490182, -0.9049095553377494, -0.08253295190406917;
 -0.1600577157305658, -0.01616725735604294, 0.9869752516779216]
第10幅图像的平移向量：
[-1.920002075563642;
 -1.944706235771319;
 0.2871784055962709]

第11幅图像的旋转向量：
[27.41100008635233;
 -1.008228682012581;
 280.960448493776]
第11幅图像的旋转矩阵：
[0.9026213314874375, 0.4302937948625945, 0.01104454827472975;
 -0.430361978754859, 0.9016957180130785, 0.04163411292535527;
 0.00795607855967637, -0.04233299209394877, 0.9990718785924894]
第11幅图像的平移向量：
[-0.106050400786658;
 -3.032757849121602;
 -0.3917677343992187]

第12幅图像的旋转向量：
[13.2768105006907;
 -14.07966459056427;
 275.7849242067751]
第12幅图像的旋转矩阵：
[0.9999957252489799, -0.00292015741900423, -0.0001488771805423723;
 0.002920136460737492, 0.9999957264802011, -0.0001407990964786944;
 0.0001492876998389631, 0.0001403637529145416, 0.9999999790055996]
第12幅图像的平移向量：
[-0.4563853704501981;
 -2.796265893395362;
 -0.4569841113393491]

第13幅图像的旋转向量：
[13.6386155190233;
 -8.925625615018429;
 281.4200786039082]
第13幅图像的旋转矩阵：
[0.6595614954003095, 0.7505692543410296, 0.04030419609988868;
 -0.7516147706532579, 0.6591048184353409, 0.02561395813158826;
 -0.007339640397050946, -0.04718720963637303, 0.9988590976336827]
第13幅图像的平移向量：
[-0.4953343089704643;
 -2.88643526086556;
 -0.3825193703651715]

第14幅图像的旋转向量：
[-26.46945626053319;
 12.63532243020707;
 309.6567381473217]
第14幅图像的旋转矩阵：
[-0.9852046788323281, 0.01802877593237031, -0.1704309362917122;
 -0.03185434673302309, -0.99638626799257, 0.07873820895887122;
 -0.168395491035543, 0.08300221800782744, 0.9822187080302835]
第14幅图像的平移向量：
[-2.7122546406065;
 -0.8019551355668095;
 0.3264307791874481]


